用户账号   密码 	 联系方式
190001 190001 15522222222
190002 100000 13011111111
190003 103010 13811111111
190004 111111 15123456789
190005 111233 13088888888
190006 123434 15266666666
190007 123343 15980986785
190008 342343 15965756877
190009 343254 15976677777
190010 234345 15856576574
190011 435435 15865463534
190012 234565 15845456555
190013 324435 15865635246
190014 465467 15887985676
190015 675677 15876589456
190016 657678 15554790995
190017 676578 15553426577
190018 567657 15524256455
190019 788976 15567988986
190020 567658 15535434563
190021 876876 16609746224
190022 879879 16654325980
190023 768767 18845234790
190024 674676 16645234654
190025 567456 18879800878
190026 567875 17908978525
190027 546355 15723257905
190028 534546 13946212691
190029 656576 13912457011
191000 100000 15912345564
